Bi: -3.7558114528656006
Co: -7.021597862243652
Fe: -8.466171264648438
Li: -1.9077215194702148
Mo: -10.852945327758789
Ni: -5.774080276489258
O: -1.8678321838378906
Ru: -9.258325576782227
Sb: -4.056097984313965
W: -12.963171005249023
