Bi: -3.7558114528656006
Bi@50.00GPa: 4.734703419116277
Co: -7.021597862243652
Co@50.00GPa: -4.0058905313283955
Fe: -8.466171264648438
Hf: -9.900232315063477
Li: -1.9077215194702148
Mn: -5.518074989318848
Mo: -10.852945327758789
N: -2.7770650386810303
Ni: -5.774080276489258
O: -1.8678321838378906
Ru: -9.258325576782227
Sb: -4.056097984313965
Si: -5.414536476135254
Ta: -11.848761558532715
Ti: -7.846491813659668
W: -12.963171005249023
Zr: -8.504478454589844
